# d2u27 real frame-time series -- provenance: .ai-tmp/test/cam-jitter-cvkeep.tsv (piece cam-verify, tag cvkeep = the client's own cadence), 1185 frames, AMD Radeon RX 5700 XT, 1920x1080. Column 2 (dt) of that TSV, one float per line. Stats: n=1185 mean=0.018328 sd=0.005779 min=0.011542 p95=0.025723 p99=0.047767 max=0.065347
0.013883
0.049901
0.019479
0.020862
0.020181
0.013898
0.021748
0.014935
0.014323
0.020239
0.016834
0.017812
0.015935
0.015960
0.018325
0.015946
0.016374
0.024325
0.013039
0.014482
0.020737
0.014592
0.014713
0.014925
0.024312
0.014874
0.014283
0.017021
0.019761
0.017598
0.031173
0.022096
0.018896
0.017018
0.017178
0.018309
0.015837
0.020848
0.033896
0.016893
0.021710
0.017875
0.022077
0.019193
0.020194
0.020198
0.017396
0.017542
0.016229
0.019446
0.019158
0.017178
0.017784
0.015282
0.024638
0.015689
0.014492
0.016984
0.014522
0.014181
0.021182
0.014910
0.012966
0.022432
0.014163
0.019561
0.017254
0.014260
0.013054
0.021977
0.011763
0.021152
0.016840
0.014712
0.014732
0.015047
0.024244
0.013552
0.017248
0.016823
0.015170
0.019559
0.013200
0.019725
0.014010
0.015772
0.017147
0.014466
0.029195
0.024084
0.012332
0.014226
0.015985
0.018802
0.022677
0.015237
0.014456
0.020721
0.015828
0.012876
0.015546
0.023743
0.020053
0.016010
0.014743
0.016508
0.015811
0.015607
0.016004
0.015687
0.016654
0.017021
0.018316
0.025170
0.019318
0.017637
0.015883
0.016809
0.016690
0.020722
0.015360
0.022981
0.015329
0.014746
0.020907
0.015239
0.016165
0.016062
0.014467
0.021876
0.015414
0.015326
0.015413
0.014409
0.015900
0.022674
0.015928
0.016891
0.015249
0.013701
0.023822
0.013807
0.013582
0.021196
0.015088
0.013902
0.019853
0.015435
0.013685
0.020665
0.013476
0.023113
0.013485
0.012820
0.022281
0.013119
0.020000
0.013371
0.014647
0.019843
0.016168
0.017000
0.014941
0.020634
0.016631
0.018619
0.016937
0.012805
0.018241
0.019697
0.015009
0.017017
0.014606
0.015965
0.017159
0.019301
0.018107
0.016110
0.021910
0.014183
0.014682
0.014907
0.024929
0.013567
0.015578
0.015030
0.015384
0.021440
0.013187
0.014690
0.022991
0.013689
0.020366
0.015973
0.014853
0.020658
0.018986
0.016668
0.019968
0.016225
0.016419
0.017510
0.018356
0.016703
0.018688
0.020043
0.016261
0.014773
0.014134
0.022828
0.014786
0.014650
0.014416
0.016621
0.024277
0.012815
0.020020
0.017232
0.012887
0.014233
0.020071
0.016449
0.014088
0.015331
0.016427
0.021159
0.015061
0.017408
0.017777
0.018630
0.017639
0.020900
0.016767
0.019837
0.019114
0.018652
0.020456
0.021359
0.024744
0.021670
0.020824
0.018501
0.018683
0.016851
0.015074
0.020753
0.018769
0.015450
0.015872
0.014252
0.022997
0.016110
0.037343
0.014880
0.014878
0.014486
0.019527
0.013980
0.020849
0.013217
0.014554
0.016218
0.015899
0.022740
0.014364
0.013674
0.015742
0.023220
0.013300
0.021178
0.013685
0.013052
0.024714
0.012157
0.014600
0.023512
0.012285
0.013844
0.020849
0.014663
0.019488
0.015474
0.013183
0.014430
0.022791
0.011979
0.024388
0.030278
0.028287
0.015646
0.016347
0.015448
0.015621
0.015829
0.013445
0.021701
0.016582
0.016349
0.015385
0.014929
0.017981
0.016263
0.015556
0.017195
0.023627
0.015046
0.012982
0.023364
0.013940
0.012656
0.021192
0.012618
0.015114
0.021499
0.017950
0.014200
0.023501
0.014626
0.020256
0.014654
0.014146
0.015002
0.016069
0.024331
0.014907
0.016748
0.016002
0.016248
0.015011
0.014668
0.022862
0.015202
0.013593
0.021674
0.014273
0.017298
0.015647
0.014352
0.015804
0.024409
0.014070
0.014228
0.015076
0.015104
0.024016
0.013778
0.015519
0.014859
0.016250
0.023363
0.012527
0.014111
0.017301
0.015548
0.016652
0.025501
0.014807
0.013890
0.017535
0.014290
0.020844
0.017078
0.023654
0.016454
0.015050
0.014399
0.013794
0.023114
0.013616
0.012814
0.022265
0.012286
0.022175
0.014688
0.013751
0.014193
0.023886
0.014371
0.017734
0.018620
0.015013
0.013162
0.020905
0.016897
0.013183
0.014653
0.023234
0.013554
0.017719
0.012215
0.020615
0.014561
0.014343
0.021594
0.012885
0.022200
0.012960
0.018668
0.013917
0.019618
0.012744
0.020596
0.012123
0.021883
0.013802
0.019684
0.012726
0.019007
0.013346
0.022631
0.014924
0.013390
0.015315
0.022151
0.012838
0.018965
0.013969
0.021901
0.013998
0.014310
0.022699
0.015832
0.015028
0.015283
0.014385
0.019952
0.013834
0.019105
0.012567
0.021542
0.013208
0.019156
0.014095
0.020834
0.013141
0.021553
0.013979
0.013045
0.022673
0.011542
0.023209
0.014779
0.014178
0.013247
0.014687
0.024189
0.012163
0.021343
0.012124
0.020037
0.014083
0.013254
0.024617
0.013059
0.012989
0.021812
0.013355
0.020159
0.013171
0.014137
0.023978
0.012821
0.013248
0.022413
0.012574
0.020692
0.016789
0.016950
0.012566
0.021438
0.011746
0.020740
0.011676
0.022827
0.013725
0.013199
0.025754
0.021906
0.015737
0.015845
0.014730
0.014238
0.019996
0.013456
0.014304
0.021448
0.015001
0.012480
0.020985
0.015533
0.017542
0.051989
0.038327
0.019496
0.018366
0.018090
0.018710
0.024066
0.022406
0.022287
0.025586
0.017586
0.022156
0.016353
0.023156
0.017474
0.021654
0.015016
0.016249
0.020366
0.019165
0.012887
0.023481
0.015810
0.039991
0.022909
0.020876
0.020572
0.019868
0.015910
0.015503
0.013912
0.018540
0.017133
0.015697
0.015307
0.024353
0.016206
0.015655
0.017137
0.018980
0.043173
0.035308
0.048747
0.021966
0.027532
0.018141
0.018147
0.017893
0.025304
0.025294
0.058700
0.021193
0.017091
0.015682
0.014331
0.015812
0.016706
0.016428
0.024544
0.032055
0.020439
0.021376
0.053935
0.025751
0.017234
0.014088
0.017332
0.015780
0.017649
0.019560
0.022547
0.028213
0.029351
0.030930
0.014632
0.014889
0.022520
0.017529
0.012805
0.016481
0.015206
0.021269
0.019878
0.017736
0.021188
0.022843
0.014538
0.019151
0.014887
0.020925
0.021908
0.020440
0.018252
0.015951
0.020566
0.018478
0.014602
0.021602
0.024146
0.017196
0.020968
0.018007
0.016254
0.022116
0.017431
0.016997
0.020018
0.018359
0.015079
0.020662
0.017510
0.019144
0.013855
0.017434
0.019227
0.017754
0.016050
0.018193
0.021633
0.021585
0.017546
0.014473
0.013727
0.021562
0.017175
0.017694
0.017381
0.016788
0.018817
0.020278
0.017565
0.031766
0.019659
0.017811
0.016139
0.016460
0.016591
0.019326
0.016920
0.040078
0.023016
0.021363
0.021899
0.015219
0.014390
0.017054
0.016587
0.020456
0.022486
0.026877
0.021842
0.015200
0.021765
0.020415
0.018280
0.053552
0.026674
0.021031
0.029191
0.015203
0.016282
0.015445
0.020232
0.014684
0.016690
0.015694
0.041725
0.042146
0.022514
0.016006
0.019693
0.017593
0.016890
0.022757
0.027748
0.017555
0.022841
0.014398
0.014093
0.018794
0.021401
0.020047
0.018092
0.017550
0.019521
0.018963
0.015724
0.024560
0.019472
0.017044
0.017321
0.014574
0.016307
0.015174
0.024073
0.015529
0.020422
0.017072
0.016178
0.015765
0.016451
0.017169
0.019128
0.023603
0.015487
0.022224
0.022259
0.019544
0.022897
0.015684
0.017710
0.018269
0.016173
0.014806
0.016722
0.019211
0.013733
0.019429
0.016292
0.022359
0.019203
0.017725
0.018365
0.014757
0.014729
0.015421
0.026241
0.019334
0.036418
0.019539
0.021454
0.023329
0.032799
0.020406
0.017870
0.014106
0.015592
0.019564
0.031378
0.014770
0.013931
0.016517
0.025346
0.051021
0.028724
0.033591
0.051861
0.047580
0.059733
0.015858
0.023670
0.065347
0.021181
0.018942
0.024086
0.036260
0.030636
0.023819
0.016090
0.017389
0.016600
0.015302
0.015690
0.024897
0.015811
0.017032
0.019095
0.020707
0.014762
0.014489
0.021169
0.014335
0.017040
0.015111
0.014829
0.025015
0.014665
0.015043
0.018190
0.017994
0.019855
0.019511
0.018273
0.050949
0.021755
0.022218
0.020834
0.018898
0.020062
0.015117
0.015008
0.015377
0.018128
0.020795
0.017519
0.015959
0.018196
0.023538
0.023230
0.017773
0.014204
0.015347
0.017021
0.016143
0.014709
0.021275
0.016621
0.017596
0.018658
0.014893
0.017979
0.014805
0.015318
0.017704
0.015777
0.018128
0.019150
0.017990
0.018540
0.023430
0.023385
0.016142
0.028524
0.028956
0.020096
0.015314
0.014868
0.017396
0.016034
0.014452
0.020186
0.021334
0.020767
0.019227
0.016643
0.016722
0.022224
0.014377
0.019889
0.013656
0.014931
0.017103
0.015905
0.016470
0.019191
0.016368
0.030216
0.016296
0.016156
0.017989
0.017917
0.016920
0.016417
0.024937
0.017230
0.016349
0.018634
0.017862
0.016686
0.021413
0.015339
0.021162
0.019472
0.015861
0.015152
0.014031
0.016464
0.017415
0.017134
0.015082
0.023996
0.020172
0.017157
0.016497
0.017679
0.018037
0.022028
0.014485
0.015043
0.014471
0.015188
0.016659
0.017674
0.019738
0.021191
0.023980
0.013910
0.017255
0.014643
0.014060
0.021471
0.014753
0.015816
0.015039
0.024388
0.014249
0.014381
0.015804
0.015647
0.022935
0.012957
0.015165
0.014404
0.024280
0.015693
0.014522
0.014523
0.014358
0.024659
0.013973
0.030527
0.016644
0.015491
0.017718
0.012794
0.023286
0.013433
0.014143
0.015454
0.023594
0.013586
0.015331
0.016757
0.018479
0.015965
0.015419
0.024227
0.013559
0.018135
0.015268
0.014369
0.020207
0.021019
0.012420
0.018995
0.013670
0.036736
0.013432
0.018853
0.012831
0.012964
0.013324
0.013541
0.021567
0.012768
0.021268
0.011708
0.022243
0.011608
0.020747
0.013712
0.020940
0.014178
0.014426
0.020849
0.013478
0.020248
0.013122
0.019865
0.013603
0.019700
0.012188
0.022135
0.019219
0.015421
0.014184
0.012831
0.023313
0.014027
0.013972
0.021710
0.015420
0.014043
0.013926
0.021852
0.013908
0.014697
0.016304
0.025895
0.018784
0.016931
0.016289
0.017085
0.014288
0.016287
0.015567
0.013042
0.017598
0.016089
0.015174
0.023952
0.015138
0.014418
0.015609
0.014510
0.019178
0.023215
0.016698
0.013004
0.042281
0.027054
0.015744
0.015469
0.023688
0.015020
0.014090
0.021641
0.013795
0.011989
0.018412
0.014227
0.023694
0.013360
0.015911
0.016014
0.015528
0.022368
0.015900
0.013165
0.015515
0.017071
0.020489
0.016926
0.018444
0.023556
0.016861
0.017077
0.017060
0.014135
0.014529
0.017712
0.015165
0.022046
0.014473
0.014406
0.024610
0.013691
0.014949
0.013411
0.022176
0.015952
0.014893
0.013907
0.020863
0.016265
0.015333
0.014386
0.024102
0.022697
0.016318
0.016901
0.016365
0.014528
0.014597
0.014965
0.014888
0.017067
0.017674
0.024808
0.018837
0.017561
0.023035
0.019374
0.015165
0.015630
0.016795
0.015189
0.017984
0.017058
0.015940
0.020843
0.016041
0.015200
0.015535
0.025550
0.018228
0.015403
0.013658
0.015156
0.013725
0.023376
0.013996
0.016585
0.015195
0.014595
0.025609
0.023503
0.016705
0.015800
0.019954
0.019240
0.015962
0.024397
0.015528
0.013148
0.016467
0.014297
0.018491
0.016732
0.016393
0.049688
0.014754
0.014482
0.031860
0.034545
0.035002
0.029905
0.025931
0.016388
0.014228
0.012771
0.013188
0.019051
0.013966
0.014187
0.022274
0.018075
0.011563
0.022269
0.014412
0.012696
0.021115
0.013649
0.016724
0.018147
0.013693
0.022342
0.015574
0.017011
0.014994
0.013818
0.030812
0.021613
0.013536
0.014841
0.024132
0.015393
0.013949
0.014071
0.015438
0.021673
0.016315
0.013676
0.021293
0.013825
0.015593
0.019378
0.014814
0.016058
0.016365
0.014896
0.014785
0.025297
0.016420
0.014446
0.016050
0.014180
0.015440
0.016790
0.016524
0.021754
0.015295
0.016423
0.014357
0.015111
0.021658
0.014590
0.018758
0.019045
0.015061
0.017495
0.018230
0.016220
0.019377
0.014663
0.023921
0.014059
0.014251
0.015053
0.016630
0.018177
0.022836
0.013921
0.019379
0.014903
0.014390
0.020929
0.014172
0.014753
0.019581
0.013515
0.020068
0.015076
0.013315
